EQUIPE Les 2 fantastiques
INSTANCE 14
7 22
22 22
22 45
7 33
22 26
1 22
7 2
22 42
22 49
7 12
7 27
7 28
16 45
22 13
22 41
22 46
4 22
7 14
7 21
8 22
9 22
20 22
22 11
2 22
7 10
7 24
11 45
21 22
22 31
22 36
7 4
7 34
15 22
18 45
22 40
22 48
7 16
7 32
16 44
17 22
22 47
1 48
7 0
7 6
7 7
7 17
7 19
7 25
7 29
7 37
10 45
13 22
18 22
22 1
22 2
22 4
22 15
22 19
22 23
22 37
1 40
7 5
7 8
7 13
7 20
13 45
22 0
22 24
22 29
22 43
3 22
7 3
7 11
7 15
7 18
7 38
14 22
19 45
22 6
22 8
22 16
22 20
22 25
22 30
22 39
0 22
7 9
12 22
16 25
22 5
22 9
22 18
22 28
22 35
22 38
22 44
3 45
16 22
1 36
12 2
16 39
10 2
19 13
20 8
1 38
1 41
1 43
2 14
2 45
4 10
16 38
1 12
1 27
1 30
4 33
6 45
14 2
2 2
8 47
9 19
15 4
24 12
24 26
0 2
1 2
15 5
5 48
9 10
24 21
1 4
