EQUIPE Les 2 fantastiques
INSTANCE 15
1 16
1 18
1 20
5 21
9 6
13 25
1 23
1 26
1 27
1 28
3 25
5 15
7 25
9 25
15 6
1 10
1 12
1 13
1 15
1 19
1 21
1 25
6 16
6 25
8 6
9 5
9 7
10 25
11 25
14 25
15 3
15 7
17 6
20 6
5 14
5 22
8 25
10 40
13 41
14 6
15 4
15 8
15 9
18 3
19 6
21 21
0 48
4 21
5 17
5 23
9 10
10 39
12 34
13 14
14 41
15 0
16 6
17 41
18 21
18 34
0 44
1 0
2 4
3 21
8 15
9 8
9 11
9 12
10 14
10 36
10 42
11 14
14 14
15 34
15 41
20 41
21 14
22 41
23 2
23 3
23 21
0 42
0 46
0 49
5 0
6 11
10 21
10 38
10 41
10 43
10 44
12 8
12 14
12 21
12 29
12 33
14 21
16 14
16 41
18 41
20 21
21 17
21 41
23 1
24 21
0 35
0 36
0 43
0 47
2 35
3 40
8 1
8 2
12 32
13 44
14 34
18 30
18 31
18 33
18 36
19 14
20 14
21 18
21 19
22 3
22 48
23 8
23 9
23 10
0 4
1 8
1 35
2 0
2 40
3 48
4 4
4 40
4 48
9 34
11 34
12 31
13 8
13 49
15 32
15 35
16 18
16 44
18 23
18 29
21 16
22 49
23 14
1 7
4 14
8 42
10 30
12 9
13 46
16 16
16 19
17 44
17 48
18 24
19 23
20 12
20 27
21 12
22 33
22 45
22 46
23 33
23 45
24 24
24 25
24 29
0 8
2 33
3 8
4 45
5 9
5 36
7 49
8 49
9 17
10 28
11 18
12 46
14 16
14 17
16 48
19 12
21 23
21 33
2 31
7 31
18 26
19 45
20 43
21 31
21 39
22 36
23 32
23 38
24 36
11 48
24 39
3 29
4 30
9 46
13 28
16 26
23 18
24 34
