EQUIPE Les 2 fantastiques
INSTANCE 16
6 3
6 9
5 3
6 8
12 38
15 15
5 18
6 4
8 18
15 10
15 13
16 15
22 38
0 3
4 18
5 15
12 8
12 37
12 41
14 38
15 12
15 14
23 13
5 16
8 22
9 18
11 38
12 45
14 15
15 38
17 45
18 13
19 15
20 38
21 13
22 13
0 22
0 35
5 20
6 2
7 8
8 33
10 3
10 38
11 9
11 18
15 9
18 38
19 38
21 15
0 24
1 35
2 3
5 35
6 18
6 42
6 43
8 8
8 17
8 27
8 28
9 3
12 5
13 18
13 38
17 38
17 47
21 27
21 38
23 15
0 17
3 8
3 22
5 10
5 22
5 26
6 38
6 44
6 47
6 48
8 13
8 23
8 29
8 37
11 41
12 4
12 6
12 7
12 46
14 24
16 24
17 10
17 24
17 44
17 46
18 22
21 32
22 39
22 40
23 22
0 6
0 14
0 16
0 26
0 32
0 36
1 24
5 42
6 33
6 46
6 49
8 12
8 21
12 2
12 3
18 24
18 35
20 22
21 22
21 29
21 33
21 34
22 22
22 37
23 1
23 7
23 8
23 27
24 22
0 0
0 38
3 42
4 26
6 28
9 22
9 33
11 33
12 23
12 33
13 33
16 0
18 19
18 20
19 27
20 27
21 25
21 30
21 31
21 45
21 47
22 1
22 41
24 1
0 30
0 42
2 32
10 27
11 27
12 22
12 27
13 27
14 31
14 42
16 35
17 4
17 29
18 18
19 5
20 5
21 1
21 5
21 46
23 41
24 20
24 24
24 29
2 6
2 31
4 43
8 36
10 0
13 47
14 29
18 40
19 40
21 17
23 44
24 41
0 9
2 14
2 45
2 46
2 48
2 49
11 30
16 33
24 33
0 46
1 12
9 25
9 45
10 49
13 34
23 49
3 0
4 37
16 17
24 5
24 14
