EQUIPE Les 2 fantastiques
INSTANCE 13
21 20
14 20
0 20
1 20
3 20
21 18
21 41
14 9
14 39
20 20
21 24
21 34
21 46
12 41
14 13
14 26
21 44
21 47
5 20
14 28
14 29
14 49
18 20
19 41
1 2
4 20
11 41
14 43
21 27
21 30
21 40
21 45
1 19
1 25
3 21
7 20
10 20
13 41
14 5
14 36
15 41
21 22
23 20
1 4
1 16
8 20
14 17
14 42
15 20
17 20
21 23
21 28
21 31
21 37
1 27
2 41
6 20
12 9
14 23
14 32
21 42
24 20
1 1
1 26
3 34
14 4
14 12
14 14
14 19
14 38
17 9
17 41
19 20
21 9
21 38
0 9
1 3
1 14
1 17
3 36
10 41
14 7
14 10
14 31
21 35
22 20
22 41
0 45
1 0
1 12
1 41
3 32
3 33
5 9
6 9
8 41
12 33
14 16
0 42
0 47
0 48
1 7
1 8
3 41
4 41
5 41
9 41
10 9
12 5
19 9
22 9
0 30
4 9
6 41
7 2
11 48
12 0
18 9
20 9
20 11
24 9
3 9
8 9
9 2
11 18
17 3
23 18
4 39
17 1
2 49
7 11
11 2
17 2
23 49
5 37
7 33
22 15
24 0
